#include <iostream>
#include <fstream>

#include "ExperimentAmbientDice.h"

#include <Eigen/Eigen>
#include <Eigen/nnls.h>

#include "ExperimentAmbientD20.h"
#include "MicrosurfaceScattering.h"

#include <chrono>

static const bool useHemisphereVertexPositions = false;
static const size_t vertexCount = 12;

namespace Probulator {
    
    const float80 AmbientDice::kT = 0.61803398874989484820458683436563811772030917980576286213;
    const float80 AmbientDice::kT2 = kT * kT;
    
    const vec3 AmbientDice::vertexPositions[12] = {
        vec3(1.0, kT, 0.0),
        vec3(-1.0, kT, 0.0),
        vec3(1.0, -kT, -0.0),
        vec3(-1.0, -kT, 0.0),
        vec3(0.0, 1.0, kT),
        vec3(-0.0, -1.0, kT),
        vec3(0.0, 1.0, -kT),
        vec3(0.0, -1.0, -kT),
        vec3(kT, 0.0, 1.0),
        vec3(-kT, 0.0, 1.0),
        vec3(kT, -0.0, -1.0),
        vec3(-kT, -0.0, -1.0)
    };
    
    const vec3 AmbientDice::srbfNormalisedVertexPositions[6] = {
        normalize(vec3(1.0, kT, 0.0)),
        normalize(vec3(-1.0, kT, 0.0)),
        normalize(vec3(0.0, 1.0, kT)),
        normalize(vec3(-0.0, -1.0, kT)),
        normalize(vec3(kT, 0.0, 1.0)),
        normalize(vec3(kT, -0.0, -1.0))
    };
    
    const vec3 AmbientDice::srbfHemisphereVertexPositions[9] = {
        vec3(0.5257311121191337, -0.30353099910334314, 0.7946544722917661),
        vec3(0.0, 0.6070619982066864, 0.7946544722917661),
        vec3(-0.5257311121191337, -0.30353099910334314, 0.7946544722917661),
        vec3(0.8506508083520399, 0.49112347318842303, 0.18759247408507987),
        vec3(-0.8506508083520399, 0.49112347318842303, 0.18759247408507987),
        vec3(0.0, -0.982246946376846, 0.1875924740850799),
        vec3(-0.8506508083520399, -0.49112347318842303, -0.18759247408507987),
        vec3(0.8506508083520399, -0.49112347318842303, -0.18759247408507987),
        vec3(0.0, 0.982246946376846, -0.1875924740850799)
    };
    
    //    const vec3 AmbientDice::srbfHemisphereVertexPositions[9] = {
    //        sampleVogelsSphere(0, 18), // vec3(-0.8506508083520399, -0.49112347318842303, -0.18759247408507987),
    //        sampleVogelsSphere(1, 18), // vec3(0.0, -0.982246946376846, 0.1875924740850799),
    //        sampleVogelsSphere(2, 18), // vec3(0.0, 0.982246946376846, -0.1875924740850799),
    //        sampleVogelsSphere(3, 18), // vec3(0.5257311121191337, -0.30353099910334314, 0.7946544722917661),
    //        sampleVogelsSphere(4, 18), // vec3(0.0, 0.6070619982066864, 0.7946544722917661),
    //        sampleVogelsSphere(5, 18), // vec3(-0.5257311121191337, -0.30353099910334314, 0.7946544722917661),
    //        sampleVogelsSphere(6, 18), // vec3(0.8506508083520399, -0.49112347318842303, -0.18759247408507987),
    //        sampleVogelsSphere(7, 18), // vec3(0.8506508083520399, 0.49112347318842303, 0.18759247408507987),
    //        sampleVogelsSphere(8, 18), // vec3(-0.8506508083520399, 0.49112347318842303, 0.18759247408507987)
    //    };
    
    
    const vec3 AmbientDice::tangents[12] = {
        vec3(0.27639312, -0.44721365, -0.85065085),
        vec3(0.27639312, 0.44721365, 0.85065085),
        vec3(0.27639312, 0.44721365, 0.85065085),
        vec3(0.27639312, -0.44721365, 0.85065085),
        vec3(1.0, -0.0, -0.0),
        vec3(1.0, -0.0, 0.0),
        vec3(1.0, -0.0, 0.0),
        vec3(1.0, 0.0, 0.0),
        vec3(0.8506508, -0.0, -0.52573115),
        vec3(0.8506508, 0.0, 0.52573115),
        vec3(0.8506508, 0.0, 0.52573115),
        vec3(0.8506508, -0.0, -0.52573115)
        
        //        vec3(-0.52573115, 0.85065085, 0.0),
        //        vec3(-0.52573115, -0.85065085, 0.0),
        //        vec3(0.52573115, 0.85065085, 0.0),
        //        vec3(0.52573115, -0.85065085, 0.0),
        //        vec3(-0.99999994, 0.0, 0.0),
        //        vec3(0.99999994, -0.0, 0.0),
        //        vec3(-0.99999994, 0.0, 0.0),
        //        vec3(0.99999994, 0.0, 0.0),
        //        vec3(-0.0, 1.0, 0.0),
        //        vec3(-0.0, -1.0, 0.0),
        //        vec3(0.0, 1.0, 0.0),
        //        vec3(0.0, -1.0, 0.0),
    };
    
    const vec3 AmbientDice::bitangents[12] = {
        vec3(-0.44721365, 0.72360677, -0.52573115),
        vec3(0.44721365, 0.72360677, -0.52573115),
        vec3(-0.44721365, -0.72360677, 0.52573115),
        vec3(-0.44721365, 0.72360677, 0.52573115),
        vec3(-0.0, 0.525731, -0.85065085),
        vec3(-0.0, 0.525731, 0.85065085),
        vec3(0.0, -0.525731, -0.85065085),
        vec3(-0.0, -0.525731, 0.85065085),
        vec3(-0.0, 1.0, -0.0),
        vec3(0.0, 1.0, -0.0),
        vec3(-0.0, -1.0, 0.0),
        vec3(0.0, -1.0, 0.0)
        
        //        vec3(0.0, -0.0, 1.0),
        //        vec3(0.0, 0.0, 1.0),
        //        vec3(0.0, -0.0, 1.0),
        //        vec3(0.0, 0.0, 1.0),
        //        vec3(0.0, -0.52573115, 0.85065085),
        //        vec3(0.0, 0.52573115, 0.85065085),
        //        vec3(0.0, 0.52573115, 0.85065085),
        //        vec3(0.0, -0.52573115, 0.85065085),
        //        vec3(-0.8506507, -0.0, 0.5257311),
        //        vec3(0.8506507, 0.0, 0.5257311),
        //        vec3(0.8506507, -0.0, 0.5257311),
        //        vec3(-0.8506507, 0.0, 0.5257311),
    };
    
    const u32 AmbientDice::triangleIndices[20][3] = {
        { 0, 4, 8 },
        { 1, 4, 9 },
        { 2, 5, 8 },
        { 3, 5, 9 },
        { 0, 6, 10 },
        { 1, 6, 11 },
        { 2, 7, 10 },
        { 3, 7, 11 },
        { 4, 8, 9 },
        { 5, 8, 9 },
        { 6, 10, 11 },
        { 7, 10, 11 },
        { 0, 2, 8 },
        { 1, 3, 9 },
        { 0, 2, 10 },
        { 1, 3, 11 },
        { 0, 4, 6 },
        { 1, 4, 6 },
        { 2, 5, 7 },
        { 3, 5, 7 },
    };
    const vec3 AmbientDice::triangleBarycentricNormals[20][3] = {
        { vec3(0.9510565, 0.36327127, -0.58778524), vec3(-0.58778524, 0.9510565, 0.36327127), vec3(0.36327127, -0.58778524, 0.9510565) },
        { vec3(-0.9510565, 0.36327127, -0.58778524), vec3(0.58778524, 0.9510565, 0.36327127), vec3(-0.36327127, -0.58778524, 0.9510565) },
        { vec3(0.9510565, -0.36327127, -0.58778524), vec3(-0.58778524, -0.9510565, 0.36327127), vec3(0.36327127, 0.58778524, 0.9510565) },
        { vec3(-0.9510565, -0.36327127, -0.58778524), vec3(0.58778524, -0.9510565, 0.36327127), vec3(-0.36327127, 0.58778524, 0.9510565) },
        { vec3(0.9510565, 0.36327127, 0.58778524), vec3(-0.58778524, 0.9510565, -0.36327127), vec3(0.36327127, -0.58778524, -0.9510565) },
        { vec3(-0.9510565, 0.36327127, 0.58778524), vec3(0.58778524, 0.9510565, -0.36327127), vec3(-0.36327127, -0.58778524, -0.9510565) },
        { vec3(0.9510565, -0.36327127, 0.58778524), vec3(-0.58778524, -0.9510565, -0.36327127), vec3(0.36327127, 0.58778524, -0.9510565) },
        { vec3(-0.9510565, -0.36327127, 0.58778524), vec3(0.58778524, -0.9510565, -0.36327127), vec3(-0.36327127, 0.58778524, -0.9510565) },
        { vec3(-0.0, 1.1755705, -0.0), vec3(0.9510565, -0.36327127, 0.58778524), vec3(-0.9510565, -0.36327127, 0.58778524) },
        { vec3(0.0, -1.1755705, 0.0), vec3(0.9510565, 0.36327127, 0.58778524), vec3(-0.9510565, 0.36327127, 0.58778524) },
        { vec3(0.0, 1.1755705, -0.0), vec3(0.9510565, -0.36327127, -0.58778524), vec3(-0.9510565, -0.36327127, -0.58778524) },
        { vec3(-0.0, -1.1755705, 0.0), vec3(0.9510565, 0.36327127, -0.58778524), vec3(-0.9510565, 0.36327127, -0.58778524) },
        { vec3(0.58778524, 0.9510565, -0.36327127), vec3(0.58778524, -0.9510565, -0.36327127), vec3(-0.0, -0.0, 1.1755705) },
        { vec3(-0.58778524, 0.9510565, -0.36327127), vec3(-0.58778524, -0.9510565, -0.36327127), vec3(0.0, 0.0, 1.1755705) },
        { vec3(0.58778524, 0.9510565, 0.36327127), vec3(0.58778524, -0.9510565, 0.36327127), vec3(0.0, 0.0, -1.1755705) },
        { vec3(-0.58778524, 0.9510565, 0.36327127), vec3(-0.58778524, -0.9510565, 0.36327127), vec3(-0.0, -0.0, -1.1755705) },
        { vec3(1.1755705, -0.0, -0.0), vec3(-0.36327127, 0.58778524, 0.9510565), vec3(-0.36327127, 0.58778524, -0.9510565) },
        { vec3(-1.1755705, 0.0, 0.0), vec3(0.36327127, 0.58778524, 0.9510565), vec3(0.36327127, 0.58778524, -0.9510565) },
        { vec3(1.1755705, 0.0, 0.0), vec3(-0.36327127, -0.58778524, 0.9510565), vec3(-0.36327127, -0.58778524, -0.9510565) },
        { vec3(-1.1755705, -0.0, -0.0), vec3(0.36327127, -0.58778524, 0.9510565), vec3(0.36327127, -0.58778524, -0.9510565) },
    };
    
    const float AmbientDice::triDerivativeTangentFactors[20][6] = {
        { -0.34100485f, -0.238272f, 0.3504874f, 0.21661313f, 0.2981424f, -0.11388027f },
        { 0.34100485f, 0.238272f, -0.3504874f, -0.21661313f, -0.2981424f, 0.11388027f },
        { 0.027519437f, 0.35801283f, 0.3504874f, 0.21661313f, 0.2981424f, -0.11388027f },
        { 0.34100485f, 0.238272f, -0.3504874f, -0.21661313f, -0.2981424f, 0.11388027f },
        { 0.027519437f, 0.35801283f, 0.3504874f, 0.21661313f, 0.2981424f, -0.11388027f },
        { -0.027519437f, -0.35801283f, -0.3504874f, -0.21661313f, -0.2981424f, 0.11388027f },
        { -0.34100485f, -0.238272f, 0.3504874f, 0.21661313f, 0.2981424f, -0.11388027f },
        { -0.027519437f, -0.35801283f, -0.3504874f, -0.21661313f, -0.2981424f, 0.11388027f },
        { 0.21661313f, -0.21661313f, -0.11388027f, -0.36852428f, 0.11388027f, 0.36852428f },
        { 0.21661313f, -0.21661313f, -0.11388027f, -0.36852428f, 0.11388027f, 0.36852428f },
        { 0.21661313f, -0.21661313f, -0.11388027f, -0.36852428f, 0.11388027f, 0.36852428f },
        { 0.21661313f, -0.21661313f, -0.11388027f, -0.36852428f, 0.11388027f, 0.36852428f },
        { 0.1937447f, -0.238272f, 0.1937447f, 0.35801283f, 0.2981424f, 0.2981424f },
        { -0.1937447f, 0.238272f, -0.1937447f, 0.238272f, -0.2981424f, -0.2981424f },
        { 0.1937447f, 0.35801283f, 0.1937447f, -0.238272f, 0.2981424f, 0.2981424f },
        { -0.1937447f, -0.35801283f, -0.1937447f, -0.35801283f, -0.2981424f, -0.2981424f },
        { -0.34100485f, 0.027519437f, 0.3504874f, 0.0f, 0.3504874f, 0.0f },
        { 0.34100485f, -0.027519437f, -0.3504874f, 0.0f, -0.3504874f, 0.0f },
        { 0.027519437f, -0.34100485f, 0.3504874f, 0.0f, 0.3504874f, 0.0f },
        { 0.34100485f, -0.027519437f, -0.3504874f, 0.0f, -0.3504874f, 0.0f }
    };
    const float AmbientDice::triDerivativeBitangentFactors[20][6] = {
        { 0.1397348f, -0.2811345f, 0.11388027f, -0.2981424f, 0.21661313f, 0.3504874f },
        { 0.1397348f, -0.2811345f, 0.11388027f, -0.2981424f, 0.21661313f, 0.3504874f },
        { 0.36749536f, 0.08738982f, -0.11388027f, 0.2981424f, -0.21661313f, -0.3504874f },
        { -0.1397348f, 0.2811345f, -0.11388027f, 0.2981424f, -0.21661313f, -0.3504874f },
        { 0.36749536f, 0.08738982f, -0.11388027f, 0.2981424f, -0.21661313f, -0.3504874f },
        { 0.36749536f, 0.08738982f, -0.11388027f, 0.2981424f, -0.21661313f, -0.3504874f },
        { 0.1397348f, -0.2811345f, 0.11388027f, -0.2981424f, 0.21661313f, 0.3504874f },
        { -0.36749536f, -0.08738982f, 0.11388027f, -0.2981424f, 0.21661313f, 0.3504874f },
        { -0.2981424f, -0.2981424f, 0.3504874f, 0.0f, 0.3504874f, 0.0f },
        { 0.2981424f, 0.2981424f, -0.3504874f, 0.0f, -0.3504874f, 0.0f },
        { 0.2981424f, 0.2981424f, -0.3504874f, 0.0f, -0.3504874f, 0.0f },
        { -0.2981424f, -0.2981424f, 0.3504874f, 0.0f, 0.3504874f, 0.0f },
        { -0.31348547f, -0.2811345f, -0.31348547f, 0.08738982f, 0.21661313f, -0.21661313f },
        { -0.31348547f, -0.2811345f, 0.31348547f, 0.2811345f, 0.21661313f, -0.21661313f },
        { -0.31348547f, 0.08738982f, -0.31348547f, -0.2811345f, -0.21661313f, 0.21661313f },
        { -0.31348547f, 0.08738982f, 0.31348547f, -0.08738982f, -0.21661313f, 0.21661313f },
        { 0.1397348f, 0.36749536f, 0.11388027f, 0.36852428f, -0.11388027f, -0.36852428f },
        { 0.1397348f, 0.36749536f, 0.11388027f, 0.36852428f, -0.11388027f, -0.36852428f },
        { 0.36749536f, 0.1397348f, -0.11388027f, -0.36852428f, 0.11388027f, 0.36852428f },
        { -0.1397348f, -0.36749536f, -0.11388027f, -0.36852428f, 0.11388027f, 0.36852428f }
    };
    
    const double AmbientDice::gramMatrixBezier[36][36] = {
        { 0.591709, -1.70158e-08, 8.35533e-08, 0, 0, 0, 0.0747991, 0.0178657, -0.0289073, 0, 0, 0, 0.0747988, 0.0323192, 0.0105012, 0, 0, 0, 0.0747987, 0.0323191, -0.0105011, 0, 0, 0, 0.074799, 0.0274924, 0.0199745, 0, 0, 0, 0.0747991, 0.0274924, -0.0199744, 0, 0, 0, },
        { -1.70158e-08, 0.0389574, -3.19622e-08, 0, 0, 0, 0.0178657, 0.00123648, -0.0081224, 0, 0, 0, -0.0314448, -0.0130972, -0.00274716, 0, 0, 0, 0.00253763, 0.00218706, 0.00325638, 0, 0, 0, -0.0219717, -0.00582474, -0.00779951, 0, 0, 0, 0.0330133, 0.0118283, -0.00748472, 0, 0, 0, },
        { 8.35533e-08, -3.19622e-08, 0.0389574, 0, 0, 0, -0.0289073, -0.0081224, 0.0093589, 0, 0, 0, 0.0128853, 0.00410339, 0.00501432, 0, 0, 0, 0.0338875, 0.0135495, -0.0046996, 0, 0, 0, -0.025924, -0.010312, -0.00446844, 0, 0, 0, 0.00805843, 0.000598114, -0.00497774, 0, 0, 0, },
        { 0, 0, 0, 0.591709, 5.35355e-08, 8.20932e-08, 0, 0, 0, 0.074799, -0.0178657, 0.0289073, 0.0747987, -0.0323191, 0.0105011, 0, 0, 0, 0.0747988, -0.0323192, -0.0105012, 0, 0, 0, 0, 0, 0, 0.0747991, -0.0274924, 0.0199744, 0, 0, 0, 0.074799, -0.0274924, -0.0199745, },
        { 0, 0, 0, 5.35355e-08, 0.0389573, 2.12357e-08, 0, 0, 0, -0.0178657, 0.00671193, -0.0047384, 0.0314448, -0.0130972, 0.00274715, 0, 0, 0, -0.0025376, 0.00218704, -0.00325638, 0, 0, 0, 0, 0, 0, 0.0219716, -0.00582473, 0.0077995, 0, 0, 0, -0.0330131, 0.0118282, 0.00748474, },
        { 0, 0, 0, 8.20932e-08, 2.12357e-08, 0.0389574, 0, 0, 0, -0.0289072, 0.00473839, -0.0114503, 0.0128852, -0.00410338, 0.00501432, 0, 0, 0, 0.0338876, -0.0135495, -0.00469961, 0, 0, 0, 0, 0, 0, -0.0259241, 0.010312, -0.00446843, 0, 0, 0, 0.0080585, -0.000598139, -0.00497775, },
        { 0.0747991, 0.0178657, -0.0289073, 0, 0, 0, 0.591709, -1.54771e-08, 8.38016e-08, 0, 0, 0, 0, 0, 0, 0.0747987, 0.0323191, -0.0105011, 0, 0, 0, 0.0747988, 0.0323192, 0.0105012, 0.0747991, 0.0274924, -0.0199744, 0, 0, 0, 0.074799, 0.0274924, 0.0199745, 0, 0, 0, },
        { 0.0178657, 0.00123648, -0.0081224, 0, 0, 0, -1.54771e-08, 0.0389574, -3.15809e-08, 0, 0, 0, 0, 0, 0, 0.00253763, 0.00218706, 0.00325638, 0, 0, 0, -0.0314448, -0.0130971, -0.00274716, 0.0330133, 0.0118283, -0.00748472, 0, 0, 0, -0.0219717, -0.00582474, -0.00779951, 0, 0, 0, },
        { -0.0289073, -0.0081224, 0.0093589, 0, 0, 0, 8.38016e-08, -3.15809e-08, 0.0389574, 0, 0, 0, 0, 0, 0, 0.0338875, 0.0135495, -0.0046996, 0, 0, 0, 0.0128853, 0.00410339, 0.00501432, 0.00805842, 0.000598114, -0.00497774, 0, 0, 0, -0.025924, -0.010312, -0.00446844, 0, 0, 0, },
        { 0, 0, 0, 0.074799, -0.0178657, -0.0289072, 0, 0, 0, 0.591709, 2.12892e-08, -9.19825e-08, 0, 0, 0, 0.0747988, -0.0323192, -0.0105012, 0, 0, 0, 0.0747987, -0.0323191, 0.0105011, 0, 0, 0, 0.074799, -0.0274924, -0.0199745, 0, 0, 0, 0.0747991, -0.0274924, 0.0199744, },
        { 0, 0, 0, -0.0178657, 0.00671193, 0.00473839, 0, 0, 0, 2.12892e-08, 0.0389574, -2.91868e-08, 0, 0, 0, 0.0314448, -0.0130972, -0.00274716, 0, 0, 0, -0.00253763, 0.00218706, 0.00325638, 0, 0, 0, 0.0219717, -0.00582474, -0.00779951, 0, 0, 0, -0.0330133, 0.0118283, -0.00748472, },
        { 0, 0, 0, 0.0289073, -0.0047384, -0.0114503, 0, 0, 0, -9.19825e-08, -2.91868e-08, 0.0389574, 0, 0, 0, -0.0128853, 0.00410339, 0.00501432, 0, 0, 0, -0.0338875, 0.0135495, -0.0046996, 0, 0, 0, 0.025924, -0.010312, -0.00446844, 0, 0, 0, -0.00805843, 0.000598114, -0.00497774, },
        { 0.0747988, -0.0314448, 0.0128853, 0.0747987, 0.0314448, 0.0128852, 0, 0, 0, 0, 0, 0, 0.591709, 5.47219e-09, 7.24456e-08, 0, 0, 0, 0.0747988, -5.29109e-09, -0.0339824, 0, 0, 0, 0.074799, -0.0105013, 0.0323193, 0.0747991, 0.0105012, 0.0323193, 0, 0, 0, 0, 0, 0, },
        { 0.0323192, -0.0130972, 0.00410339, -0.0323191, -0.0130972, -0.00410338, 0, 0, 0, 0, 0, 0, 5.47219e-09, 0.0389574, -2.67962e-09, 0, 0, 0, 4.07076e-09, 0.00378339, -9.7413e-10, 0, 0, 0, 0.0199743, 0.000299328, 0.00898386, -0.0199744, 0.000299349, -0.00898387, 0, 0, 0, 0, 0, 0, },
        { 0.0105012, -0.00274716, 0.00501432, 0.0105011, 0.00274715, 0.00501432, 0, 0, 0, 0, 0, 0, 7.24456e-08, -2.67962e-09, 0.0389574, 0, 0, 0, 0.0339824, -1.50768e-09, -0.0143788, 0, 0, 0, -0.0274925, 0.00570977, -0.0103761, -0.0274925, -0.00570977, -0.0103761, 0, 0, 0, 0, 0, 0, },
        { 0, 0, 0, 0, 0, 0, 0.0747987, 0.00253763, 0.0338875, 0.0747988, 0.0314448, -0.0128853, 0, 0, 0, 0.591709, -9.8812e-09, -7.6907e-08, 0, 0, 0, 0.0747988, 4.7105e-09, 0.0339824, 0.0747991, -0.0105012, -0.0323193, 0.074799, 0.0105013, -0.0323193, 0, 0, 0, 0, 0, 0, },
        { 0, 0, 0, 0, 0, 0, 0.0323191, 0.00218706, 0.0135495, -0.0323192, -0.0130972, 0.00410339, 0, 0, 0, -9.8812e-09, 0.0389574, -2.37552e-09, 0, 0, 0, -4.59195e-09, 0.00378339, -1.18189e-09, 0.0199744, 0.000299349, -0.00898387, -0.0199743, 0.000299328, 0.00898386, 0, 0, 0, 0, 0, 0, },
        { 0, 0, 0, 0, 0, 0, -0.0105011, 0.00325638, -0.0046996, -0.0105012, -0.00274716, 0.00501432, 0, 0, 0, -7.6907e-08, -2.37552e-09, 0.0389574, 0, 0, 0, -0.0339824, -1.34707e-09, -0.0143788, 0.0274925, -0.00570977, -0.0103761, 0.0274925, 0.00570977, -0.0103761, 0, 0, 0, 0, 0, 0, },
        { 0.0747987, 0.00253763, 0.0338875, 0.0747988, -0.0025376, 0.0338876, 0, 0, 0, 0, 0, 0, 0.0747988, 4.07076e-09, 0.0339824, 0, 0, 0, 0.591709, -1.37871e-08, -7.15453e-08, 0, 0, 0, 0, 0, 0, 0, 0, 0, 0.0747991, -0.0105012, -0.0323193, 0.074799, 0.0105013, -0.0323193, },
        { 0.0323191, 0.00218706, 0.0135495, -0.0323192, 0.00218704, -0.0135495, 0, 0, 0, 0, 0, 0, -5.29109e-09, 0.00378339, -1.50768e-09, 0, 0, 0, -1.37871e-08, 0.0389574, -2.42242e-09, 0, 0, 0, 0, 0, 0, 0, 0, 0, 0.0199744, 0.000299349, -0.00898387, -0.0199743, 0.000299328, 0.00898386, },
        { -0.0105011, 0.00325638, -0.0046996, -0.0105012, -0.00325638, -0.00469961, 0, 0, 0, 0, 0, 0, -0.0339824, -9.7413e-10, -0.0143788, 0, 0, 0, -7.15453e-08, -2.42242e-09, 0.0389574, 0, 0, 0, 0, 0, 0, 0, 0, 0, 0.0274925, -0.00570977, -0.0103761, 0.0274925, 0.00570977, -0.0103761, },
        { 0, 0, 0, 0, 0, 0, 0.0747988, -0.0314448, 0.0128853, 0.0747987, -0.00253763, -0.0338875, 0, 0, 0, 0.0747988, -4.59195e-09, -0.0339824, 0, 0, 0, 0.591709, 1.09827e-08, 7.52977e-08, 0, 0, 0, 0, 0, 0, 0.074799, -0.0105013, 0.0323193, 0.0747991, 0.0105012, 0.0323193, },
        { 0, 0, 0, 0, 0, 0, 0.0323192, -0.0130971, 0.00410339, -0.0323191, 0.00218706, 0.0135495, 0, 0, 0, 4.7105e-09, 0.00378339, -1.34707e-09, 0, 0, 0, 1.09827e-08, 0.0389574, -2.45215e-09, 0, 0, 0, 0, 0, 0, 0.0199743, 0.000299328, 0.00898386, -0.0199744, 0.000299349, -0.00898387, },
        { 0, 0, 0, 0, 0, 0, 0.0105012, -0.00274716, 0.00501432, 0.0105011, 0.00325638, -0.0046996, 0, 0, 0, 0.0339824, -1.18189e-09, -0.0143788, 0, 0, 0, 7.52977e-08, -2.45215e-09, 0.0389574, 0, 0, 0, 0, 0, 0, -0.0274925, 0.00570977, -0.0103761, -0.0274925, -0.00570977, -0.0103761, },
        { 0.074799, -0.0219717, -0.025924, 0, 0, 0, 0.0747991, 0.0330133, 0.00805842, 0, 0, 0, 0.074799, 0.0199743, -0.0274925, 0.0747991, 0.0199744, 0.0274925, 0, 0, 0, 0, 0, 0, 0.591744, -1.7741e-05, 3.51106e-07, 0.0748425, 0.0340023, 3.01532e-07, 0, 0, 0, 0, 0, 0, },
        { 0.0274924, -0.00582474, -0.010312, 0, 0, 0, 0.0274924, 0.0118283, 0.000598114, 0, 0, 0, -0.0105013, 0.000299328, 0.00570977, -0.0105012, 0.000299349, -0.00570977, 0, 0, 0, 0, 0, 0, -1.7741e-05, 0.0389661, -1.27422e-07, -0.0340038, -0.0143885, -1.37941e-07, 0, 0, 0, 0, 0, 0, },
        { 0.0199745, -0.00779951, -0.00446844, 0, 0, 0, -0.0199744, -0.00748472, -0.00497774, 0, 0, 0, 0.0323193, 0.00898386, -0.0103761, -0.0323193, -0.00898387, -0.0103761, 0, 0, 0, 0, 0, 0, 3.51106e-07, -1.27422e-07, 0.0389575, 3.05637e-07, 1.49163e-07, 0.00378353, 0, 0, 0, 0, 0, 0, },
        { 0, 0, 0, 0.0747991, 0.0219716, -0.0259241, 0, 0, 0, 0.074799, 0.0219717, 0.025924, 0.0747991, -0.0199744, -0.0274925, 0.074799, -0.0199743, 0.0274925, 0, 0, 0, 0, 0, 0, 0.0748425, -0.0340038, 3.05637e-07, 0.591758, 2.27911e-05, 2.53957e-07, 0, 0, 0, 0, 0, 0, },
        { 0, 0, 0, -0.0274924, -0.00582473, 0.010312, 0, 0, 0, -0.0274924, -0.00582474, -0.010312, 0.0105012, 0.000299349, -0.00570977, 0.0105013, 0.000299328, 0.00570977, 0, 0, 0, 0, 0, 0, 0.0340023, -0.0143885, 1.49163e-07, 2.27911e-05, 0.0389678, 1.58954e-07, 0, 0, 0, 0, 0, 0, },
        { 0, 0, 0, 0.0199744, 0.0077995, -0.00446843, 0, 0, 0, -0.0199745, -0.00779951, -0.00446844, 0.0323193, -0.00898387, -0.0103761, -0.0323193, 0.00898386, -0.0103761, 0, 0, 0, 0, 0, 0, 3.01532e-07, -1.37941e-07, 0.00378353, 2.53957e-07, 1.58954e-07, 0.0389575, 0, 0, 0, 0, 0, 0, },
        { 0.0747991, 0.0330133, 0.00805843, 0, 0, 0, 0.074799, -0.0219717, -0.025924, 0, 0, 0, 0, 0, 0, 0, 0, 0, 0.0747991, 0.0199744, 0.0274925, 0.074799, 0.0199743, -0.0274925, 0, 0, 0, 0, 0, 0, 0.591661, 2.19453e-05, 5.28521e-07, 0.0747558, 0.0339617, 4.61022e-07, },
        { 0.0274924, 0.0118283, 0.000598114, 0, 0, 0, 0.0274924, -0.00582474, -0.010312, 0, 0, 0, 0, 0, 0, 0, 0, 0, -0.0105012, 0.000299349, -0.00570977, -0.0105013, 0.000299328, 0.00570977, 0, 0, 0, 0, 0, 0, 2.19453e-05, 0.0389472, -2.08718e-07, -0.0339625, -0.0143692, -2.10188e-07, },
        { -0.0199744, -0.00748472, -0.00497774, 0, 0, 0, 0.0199745, -0.00779951, -0.00446844, 0, 0, 0, 0, 0, 0, 0, 0, 0, -0.0323193, -0.00898387, -0.0103761, 0.0323193, 0.00898386, -0.0103761, 0, 0, 0, 0, 0, 0, 5.28521e-07, -2.08718e-07, 0.0389575, 4.58088e-07, 2.24171e-07, 0.00378353, },
        { 0, 0, 0, 0.074799, -0.0330131, 0.0080585, 0, 0, 0, 0.0747991, -0.0330133, -0.00805843, 0, 0, 0, 0, 0, 0, 0.074799, -0.0199743, 0.0274925, 0.0747991, -0.0199744, -0.0274925, 0, 0, 0, 0, 0, 0, 0.0747558, -0.0339625, 4.58088e-07, 0.591668, -1.94045e-05, 3.81176e-07, },
        { 0, 0, 0, -0.0274924, 0.0118282, -0.000598139, 0, 0, 0, -0.0274924, 0.0118283, 0.000598114, 0, 0, 0, 0, 0, 0, 0.0105013, 0.000299328, 0.00570977, 0.0105012, 0.000299349, -0.00570977, 0, 0, 0, 0, 0, 0, 0.0339617, -0.0143692, 2.24171e-07, -1.94045e-05, 0.038948, 2.2463e-07, },
        { 0, 0, 0, -0.0199745, 0.00748474, -0.00497775, 0, 0, 0, 0.0199744, -0.00748472, -0.00497774, 0, 0, 0, 0, 0, 0, -0.0323193, 0.00898386, -0.0103761, 0.0323193, -0.00898387, -0.0103761, 0, 0, 0, 0, 0, 0, 4.61022e-07, -2.10188e-07, 0.00378353, 3.81176e-07, 2.2463e-07, 0.0389575, },
    };
    
    const double AmbientDice::gramMatrixSRBF[12][12] = {
        { 0.354651, 0, 0.00790714, 0.130602, 0.130602, 0.00790713, 0.00790713, 0.130602, 0.130602, 0.00790712, 0.130602, 0.00790712, },
        { 0, 0.354651, 0.130602, 0.00790714, 0.00790714, 0.130602, 0.130602, 0.00790714, 0.00790713, 0.130602, 0.00790713, 0.130602, },
        { 0.00790714, 0.130602, 0.354651, 0, 0.130602, 0.00790714, 0.00790714, 0.130602, 0.00790713, 0.130602, 0.00790713, 0.130602, },
        { 0.130602, 0.00790714, 0, 0.354651, 0.00790713, 0.130602, 0.130602, 0.00790713, 0.130602, 0.00790712, 0.130602, 0.00790712, },
        { 0.130602, 0.00790714, 0.130602, 0.00790713, 0.354654, 0, 0.00790971, 0.130602, 0.130611, 0.00790713, 0.00790714, 0.130611, },
        { 0.00790713, 0.130602, 0.00790714, 0.130602, 0, 0.354649, 0.130602, 0.00790456, 0.00790714, 0.130594, 0.130594, 0.00790713, },
        { 0.00790713, 0.130602, 0.00790714, 0.130602, 0.00790971, 0.130602, 0.354654, 0, 0.13061, 0.00790714, 0.00790713, 0.130611, },
        { 0.130602, 0.00790714, 0.130602, 0.00790713, 0.130602, 0.00790456, 0, 0.354648, 0.00790713, 0.130594, 0.130593, 0.00790714, },
        { 0.130602, 0.00790713, 0.00790713, 0.130602, 0.130611, 0.00790714, 0.13061, 0.00790713, 0.354677, 0, 0.00790714, 0.130631, },
        { 0.00790712, 0.130602, 0.130602, 0.00790712, 0.00790713, 0.130594, 0.00790714, 0.130594, 0, 0.354624, 0.130574, 0.00790714, },
        { 0.130602, 0.00790713, 0.00790713, 0.130602, 0.00790714, 0.130594, 0.00790713, 0.130593, 0.00790714, 0.130574, 0.354621, 0, },
        { 0.00790712, 0.130602, 0.130602, 0.00790712, 0.130611, 0.00790713, 0.130611, 0.00790714, 0.130631, 0.00790714, 0, 0.354682, },
    };
    
    inline void constructOrthonormalBasis(vec3 n, vec3 *b1, vec3 *b2) {
        float sign = copysign(1.0f, n.z);
        const float a = -1.0f / (sign + n.z);
        const float b = n.x * n.y * a;
        *b1 = vec3(1.0f + sign * n.x * n.x * a, sign * b, -sign * n.x);
        *b2 = vec3(b, sign + n.y * n.y * a, -n.y);
    }
    
    template <typename T>
    void AmbientDice::hybridCubicBezierWeights(u32 triIndex, float b0, float b1, float b2, VertexWeights<T> *w0Out, VertexWeights<T> *w1Out, VertexWeights<T> *w2Out) {
        const T alpha = 0.5f * sqrt(0.5 * (5.0f + sqrt(5.0f))); // 0.9510565163
        const T beta = -0.5f * sqrt(0.1 * (5.0f + sqrt(5.0f))); // -0.4253254042
        
        const T a0 = (sqrt(5.0) - 5.0) / 40.0; // -0.06909830056
        const T a1 = (11.0f * sqrt(5.0) - 15.0) / 40.0; // 0.2399186938
        const T a2 = sqrt(5.0) / 10.0; // 0.2236067977
        
        const T fValueFactor = -beta / alpha; // 0.4472135955
        
        const T weightDenom = b1 * b2 + b0 * b2 + b0 * b1;
        
        T w0 = (b1 * b2) / weightDenom;
        T w1 = (b0 * b2) / weightDenom;
        T w2 = (b0 * b1) / weightDenom;
        
        if (b0 == 1.0) {
            w0 = 1.0;
            w1 = 0.0;
            w2 = 0.0;
        } else if (b1 == 1.0) {
            w0 = 0.0;
            w1 = 1.0;
            w2 = 0.0;
        } else if (b2 == 1.0) {
            w0 = 0.0;
            w1 = 0.0;
            w2 = 1.0;
        }
        
        // https://en.wikipedia.org/wiki/Bézier_triangle
        // Notation: cxyz means alpha^x, beta^y, gamma^z.
        
        T v0ValueWeight = 0.0;
        T v1ValueWeight = 0.0;
        T v2ValueWeight = 0.0;
        
        T v0DUWeight = 0.0;
        T v1DUWeight = 0.0;
        T v2DUWeight = 0.0;
        
        T v0DVWeight = 0.0;
        T v1DVWeight = 0.0;
        T v2DVWeight = 0.0;
        
        const T b0_2 = b0 * b0;
        const T b1_2 = b1 * b1;
        const T b2_2 = b2 * b2;
        
        // Add c300, c030, and c003
        T c300Weight = b0_2 * b0;
        T c030Weight = b1_2 * b1;
        T c003Weight = b2_2 * b2;
        
        T c120Weight = 3 * b0 * b1_2;
        T c021Weight = 3 * b1_2 * b2;
        T c210Weight = 3 * b0_2 * b1;
        T c012Weight = 3 * b1 * b2_2;
        T c201Weight = 3 * b0_2 * b2;
        T c102Weight = 3 * b0 * b2_2;
        
        const T c111Weight = 6 * b0 * b1 * b2;
        const T c0_111Weight = w0 * c111Weight;
        const T c1_111Weight = w1 * c111Weight;
        const T c2_111Weight = w2 * c111Weight;
        
        v1ValueWeight += a0 * c0_111Weight;
        v2ValueWeight += a0 * c1_111Weight;
        v0ValueWeight += a0 * c2_111Weight;
        
        c021Weight += a1 * c0_111Weight;
        c012Weight += a1 * c0_111Weight;
        c003Weight += a0 * c0_111Weight;
        c120Weight += a2 * c0_111Weight;
        c102Weight += a2 * c0_111Weight;
        
        c102Weight += a1 * c1_111Weight;
        c201Weight += a1 * c1_111Weight;
        c300Weight += a0 * c1_111Weight;
        c012Weight += a2 * c1_111Weight;
        c210Weight += a2 * c1_111Weight;
        
        c210Weight += a1 * c2_111Weight;
        c120Weight += a1 * c2_111Weight;
        c030Weight += a0 * c2_111Weight;
        c201Weight += a2 * c2_111Weight;
        c021Weight += a2 * c2_111Weight;
        
        v0ValueWeight += fValueFactor * c210Weight;
        v0DUWeight += AmbientDice::triDerivativeTangentFactors[triIndex][0] * c210Weight;
        v0DVWeight += AmbientDice::triDerivativeBitangentFactors[triIndex][0] * c210Weight;
        
        v0ValueWeight += fValueFactor * c201Weight;
        v0DUWeight += AmbientDice::triDerivativeTangentFactors[triIndex][1] * c201Weight;
        v0DVWeight += AmbientDice::triDerivativeBitangentFactors[triIndex][1] * c201Weight;
        
        v1ValueWeight += fValueFactor * c120Weight;
        v1DUWeight += AmbientDice::triDerivativeTangentFactors[triIndex][2] * c120Weight;
        v1DVWeight += AmbientDice::triDerivativeBitangentFactors[triIndex][2] * c120Weight;
        
        v1ValueWeight += fValueFactor * c021Weight;
        v1DUWeight += AmbientDice::triDerivativeTangentFactors[triIndex][3] * c021Weight;
        v1DVWeight += AmbientDice::triDerivativeBitangentFactors[triIndex][3] * c021Weight;
        
        v2ValueWeight += fValueFactor * c102Weight;
        v2DUWeight += AmbientDice::triDerivativeTangentFactors[triIndex][4] * c102Weight;
        v2DVWeight += AmbientDice::triDerivativeBitangentFactors[triIndex][4] * c102Weight;
        
        v2ValueWeight += fValueFactor * c012Weight;
        v2DUWeight += AmbientDice::triDerivativeTangentFactors[triIndex][5] * c012Weight;
        v2DVWeight += AmbientDice::triDerivativeBitangentFactors[triIndex][5] * c012Weight;
        
        v0ValueWeight += c300Weight;
        v1ValueWeight += c030Weight;
        v2ValueWeight += c003Weight;
        
        *w0Out = { v0ValueWeight, v0DUWeight, v0DVWeight };
        *w1Out = { v1ValueWeight, v1DUWeight, v1DVWeight };
        *w2Out = { v2ValueWeight, v2DUWeight, v2DVWeight };
    }
    
    //    void AmbientDice::hybridCubicBezierWeights(u32 i0, u32 i1, u32 i2, float b0, float b1, float b2, VertexWeights *w0Out, VertexWeights *w1Out, VertexWeights *w2Out) const {
    //        const float alpha = 0.5f * sqrt(0.5f * (5.0f + sqrt(5.0f))); // 0.9510565163
    //        const float beta = -0.5f * sqrt(0.1f * (5.0f + sqrt(5.0f))); // -0.4253254042
    //
    //        const float a0 = (sqrt(5.0f) - 5.0f) / 40.0f; // -0.06909830056
    //        const float a1 = (11.0f * sqrt(5.0f) - 15.0f) / 40.0f; // 0.2399186938
    //        const float a2 = sqrt(5.0f) / 10.0f; // 0.2236067977
    //
    //        // Project the edges onto the sphere.
    //        // This amounts to a no-op since the edge vectors are already tangent to the sphere.
    //        vec3 v0V1 = AmbientDice::vertexPositions[i1] - AmbientDice::vertexPositions[i0];
    //        vec3 v1V0 = -v0V1;
    //        vec3 v0V2 = AmbientDice::vertexPositions[i2] - AmbientDice::vertexPositions[i0];
    //        vec3 v2V0 = -v0V2;
    //        vec3 v1V2 = AmbientDice::vertexPositions[i2] - AmbientDice::vertexPositions[i1];
    //        vec3 v2V1 = -v1V2;
    //
    //
    //        const float fValueFactor = -beta / alpha; // 0.4472135955
    //        const float fDerivativeFactor = 1.0 / (3.0 * alpha); // 0.3504874081
    //
    //        const float weightDenom = b1 * b2 + b0 * b2 + b0 * b1;
    //
    //        float w0 = (b1 * b2) / weightDenom;
    //        float w1 = (b0 * b2) / weightDenom;
    //        float w2 = (b0 * b1) / weightDenom;
    //
    //        if (b0 == 1.0) {
    //            w0 = 1.0;
    //            w1 = 0.0;
    //            w2 = 0.0;
    //        } else if (b1 == 1.0) {
    //            w0 = 0.0;
    //            w1 = 1.0;
    //            w2 = 0.0;
    //        } else if (b2 == 1.0) {
    //            w0 = 0.0;
    //            w1 = 0.0;
    //            w2 = 1.0;
    //        }
    //
    //        // https://en.wikipedia.org/wiki/Bézier_triangle
    //        // Notation: cxyz means alpha^x, beta^y, gamma^z.
    //
    //        float v0ValueWeight = 0.0;
    //        float v1ValueWeight = 0.0;
    //        float v2ValueWeight = 0.0;
    //
    //        float v0DUWeight = 0.0;
    //        float v1DUWeight = 0.0;
    //        float v2DUWeight = 0.0;
    //
    //        float v0DVWeight = 0.0;
    //        float v1DVWeight = 0.0;
    //        float v2DVWeight = 0.0;
    //
    //        const float b0_2 = b0 * b0;
    //        const float b1_2 = b1 * b1;
    //        const float b2_2 = b2 * b2;
    //
    //        // Add c300, c030, and c003
    //        float c300Weight = b0_2 * b0;
    //        float c030Weight = b1_2 * b1;
    //        float c003Weight = b2_2 * b2;
    //
    //        float c120Weight = 3 * b0 * b1_2;
    //        float c021Weight = 3 * b1_2 * b2;
    //        float c210Weight = 3 * b0_2 * b1;
    //        float c012Weight = 3 * b1 * b2_2;
    //        float c201Weight = 3 * b0_2 * b2;
    //        float c102Weight = 3 * b0 * b2_2;
    //
    //        const float c111Weight = 6 * b0 * b1 * b2;
    //        const float c0_111Weight = w0 * c111Weight;
    //        const float c1_111Weight = w1 * c111Weight;
    //        const float c2_111Weight = w2 * c111Weight;
    //
    //        v1ValueWeight += a0 * c0_111Weight;
    //        v2ValueWeight += a0 * c1_111Weight;
    //        v0ValueWeight += a0 * c2_111Weight;
    //
    //        c021Weight += a1 * c0_111Weight;
    //        c012Weight += a1 * c0_111Weight;
    //        c003Weight += a0 * c0_111Weight;
    //        c120Weight += a2 * c0_111Weight;
    //        c102Weight += a2 * c0_111Weight;
    //
    //        c102Weight += a1 * c1_111Weight;
    //        c201Weight += a1 * c1_111Weight;
    //        c300Weight += a0 * c1_111Weight;
    //        c012Weight += a2 * c1_111Weight;
    //        c210Weight += a2 * c1_111Weight;
    //
    //        c210Weight += a1 * c2_111Weight;
    //        c120Weight += a1 * c2_111Weight;
    //        c030Weight += a0 * c2_111Weight;
    //        c201Weight += a2 * c2_111Weight;
    //        c021Weight += a2 * c2_111Weight;
    //
    //
    //        v0ValueWeight += fValueFactor * c210Weight;
    //        v0DUWeight += fDerivativeFactor * dot(v0V1, AmbientDice::tangents[i0]) * c210Weight;
    //        v0DVWeight += fDerivativeFactor * dot(v0V1, AmbientDice::bitangents[i0]) * c210Weight;
    //
    //        float dot0 = dot(v0V1, AmbientDice::tangents[i0]);
    //        float dot1 = dot(v0V1, AmbientDice::bitangents[i0]);
    //
    //        v0ValueWeight += fValueFactor * c201Weight;
    //        v0DUWeight += fDerivativeFactor * dot(v0V2, AmbientDice::tangents[i0]) * c201Weight;
    //        v0DVWeight += fDerivativeFactor * dot(v0V2, AmbientDice::bitangents[i0]) * c201Weight;
    //
    //        float dot2 = dot(v0V2, AmbientDice::tangents[i0]);
    //        float dot3 = dot(v0V2, AmbientDice::bitangents[i0]);
    //
    //        v1ValueWeight += fValueFactor * c120Weight;
    //        v1DUWeight += fDerivativeFactor * dot(v1V0, AmbientDice::tangents[i1]) * c120Weight;
    //        v1DVWeight += fDerivativeFactor * dot(v1V0, AmbientDice::bitangents[i1]) * c120Weight;
    //
    //        float dot4 = dot(v1V0, AmbientDice::tangents[i1]);
    //        float dot5 = dot(v1V0, AmbientDice::bitangents[i1]);
    //
    //        v1ValueWeight += fValueFactor * c021Weight;
    //        v1DUWeight += fDerivativeFactor * dot(v1V2, AmbientDice::tangents[i1]) * c021Weight;
    //        v1DVWeight += fDerivativeFactor * dot(v1V2, AmbientDice::bitangents[i1]) * c021Weight;
    //
    //        float dot6 = dot(v1V2, AmbientDice::tangents[i1]);
    //        float dot7 = dot(v1V2, AmbientDice::bitangents[i1]);
    //
    //        v2ValueWeight += fValueFactor * c102Weight;
    //        v2DUWeight += fDerivativeFactor * dot(v2V0, AmbientDice::tangents[i2]) * c102Weight;
    //        v2DVWeight += fDerivativeFactor * dot(v2V0, AmbientDice::bitangents[i2]) * c102Weight;
    //
    //        float dot8 = dot(v2V0, AmbientDice::tangents[i2]);
    //        float dot9 = dot(v2V0, AmbientDice::bitangents[i2]);
    //
    //        v2ValueWeight += fValueFactor * c012Weight;
    //        v2DUWeight += fDerivativeFactor * dot(v2V1, AmbientDice::tangents[i2]) * c012Weight;
    //        v2DVWeight += fDerivativeFactor * dot(v2V1, AmbientDice::bitangents[i2]) * c012Weight;
    //
    //        float dot10 = dot(v2V1, AmbientDice::tangents[i2]);
    //        float dot11 = dot(v2V1, AmbientDice::bitangents[i2]);
    //
    //        printf("Dot Products: %f, %f, %f, %f, %f, %f, %f, %f, %f, %f, %f, %f\n", dot0, dot1, dot2, dot3, dot4, dot5, dot6, dot7, dot8, dot9, dot10, dot11);
    //
    //        v0ValueWeight += c300Weight;
    //        v1ValueWeight += c030Weight;
    //        v2ValueWeight += c003Weight;
    //
    //        *w0Out = { v0ValueWeight, v0DUWeight, v0DVWeight };
    //        *w1Out = { v1ValueWeight, v1DUWeight, v1DVWeight };
    //        *w2Out = { v2ValueWeight, v2DUWeight, v2DVWeight };
    //    }
    
    template<typename T>
    void AmbientDice::hybridCubicBezierWeights(vec3 direction, u32 *i0Out, u32 *i1Out, u32 *i2Out, VertexWeights<T> *w0Out, VertexWeights<T> *w1Out, VertexWeights<T> *w2Out) {
        
        u32 triIndex, i0, i1, i2;
        float b0, b1, b2;
        AmbientDice::computeBarycentrics(direction, &triIndex, &i0, &i1, &i2, &b0, &b1, &b2);
        
        AmbientDice::hybridCubicBezierWeights(triIndex, b0, b1, b2, w0Out, w1Out, w2Out);
        
        *i0Out = i0;
        *i1Out = i1;
        *i2Out = i2;
    }
    
    template<typename T>
    void AmbientDice::srbfWeights(vec3 direction, T *weightsOut) {
        if (useHemisphereVertexPositions) {
            for (u64 i = 0; i < 9; i += 1) {
                float dotProduct = max(dot(direction, AmbientDice::srbfHemisphereVertexPositions[i]), 0.f);
                
                T cos2 = dotProduct * dotProduct;
                T cos4 = cos2 * cos2;
                
                weightsOut[i] = 0.7f * (0.5f * cos2) + 0.3f * (5.f / 6.f * cos4);
            }
            for (u64 i = 9; i < 12; i += 1) {
                weightsOut[i] = 0.f;
            }
        } else {
            for (u64 i = 0; i < 6; i += 1) {
                float dotProduct = dot(direction, AmbientDice::srbfNormalisedVertexPositions[i]);
                u32 index = dotProduct > 0 ? (2 * i) : (2 * i + 1);
                
                T cos2 = dotProduct * dotProduct;
                T cos4 = cos2 * cos2;
                
                weightsOut[index] = 0.7f * (0.5f * cos2) + 0.3f * (5.f / 6.f * cos4);
            }
        }
    }
    
    vec3 AmbientDice::evaluateSRBF(const vec3& direction) const
    {
        vec3 result = vec3(0.f);
        if (useHemisphereVertexPositions) {
            for (u64 i = 0; i < 9; i += 1) {
                float dotProduct = max(dot(direction, AmbientDice::srbfHemisphereVertexPositions[i]), 0.f);
                
                float cos2 = dotProduct * dotProduct;
                float cos4 = cos2 * cos2;
                
                float weight = 0.7f * (0.5f * cos2) + 0.3f * (5.f / 6.f * cos4);
                
                //            float weight = 0.6f * exp(3.1f * (dotProduct - 1.f));
                result += weight * this->vertices[i].value;
            }
        } else {
            for (u64 i = 0; i < 6; i += 1) {
                float dotProduct = dot(direction, AmbientDice::srbfNormalisedVertexPositions[i]);
                u32 index = dotProduct > 0 ? (2 * i) : (2 * i + 1);
                
                float cos2 = dotProduct * dotProduct;
                float cos4 = cos2 * cos2;
                
                float weight = 0.7f * (0.5f * cos2) + 0.3f * (5.f / 6.f * cos4);
                
                //            float weight = 0.6f * exp(3.1f * (dotProduct - 1.f));
                result += weight * this->vertices[index].value;
            }
        }
        
        return result;
    }
    
    AmbientDice ExperimentAmbientDice::solveAmbientDiceRunningAverageBezier(const ImageBase<vec3>& directions, const Image& irradiance)
    {
        AmbientDice ambientDice;
        AmbientDice::VertexWeights<float> vertexWeights[12] = { { 0.f, 0.f, 0.f } };
        
        const u64 sampleCount = directions.getPixelCount();
        
        std::vector<u64> sampleIndices;
        sampleIndices.resize(sampleCount);
        std::iota(sampleIndices.begin(), sampleIndices.end(), 0);
        
        std::random_shuffle(sampleIndices.begin(), sampleIndices.end());
        
        float sampleIndex = 0.f;
        for (u64 sampleIt : sampleIndices)
        {
            sampleIndex += 1;
            
